600 2200
0 95
1 60
0 850
1 410
0 45
1 970
1 755
1 108
0 603
1 736
0 342
1 507
0 935
1 401
1 822
0 298
0 177
0 296
1 634
0 744
0 842
1 581
0 147
0 722
0 316
0 474
1 991
0 656
0 221
0 894
0 891
0 285
0 365
1 678
1 554
0 581
0 907
0 388
0 354
0 61
0 934
0 408
0 114
0 292
1 385
0 483
0 688
0 354
0 686
0 74
0 740
1 597
1 811
0 873
0 21
0 787
0 238
0 358
1 74
1 39
1 433
1 368
0 942
0 354
0 176
1 705
1 52
0 797
1 674
0 639
1 646
1 787
0 388
0 155
0 134
1 344
1 448
0 28
1 641
0 951
0 117
0 343
0 581
1 101
0 580
0 966
0 216
0 221
1 123
0 30
0 90
0 340
0 665
1 460
1 611
1 325
0 565
0 565
0 470
1 539
0 287
0 752
1 749
1 655
0 25
0 746
0 208
0 534
0 117
1 367
1 460
0 27
1 107
0 995
0 812
1 189
0 730
0 325
0 292
0 714
1 218
0 819
0 222
1 288
0 520
0 130
0 427
1 48
0 529
0 635
0 792
0 278
0 219
0 663
1 72
1 803
0 187
0 529
0 457
1 430
0 241
1 662
0 884
0 922
1 512
0 43
0 984
0 108
1 130
1 42
1 290
0 153
0 688
1 422
1 302
1 573
1 710
0 37
1 832
1 148
0 495
1 174
1 958
1 515
1 400
1 961
1 764
0 884
0 674
0 654
0 199
1 636
0 742
0 463
0 457
0 893
0 679
0 330
0 467
0 581
0 136
1 559
0 997
1 981
0 597
0 330
1 303
1 440
0 128
0 35
1 207
1 275
0 911
1 972
0 315
0 173
0 562
0 156
0 444
0 558
1 319
0 927
0 794
0 891
1 984
1 438
1 380
1 851
0 453
0 587
0 952
1 790
0 264
0 167
1 740
1 88
1 81
0 378
1 84
0 502
1 898
0 376
0 920
0 918
1 767
0 56
0 571
0 869
1 590
1 797
1 56
0 83
0 749
0 786
0 545
0 80
0 781
1 332
1 284
0 339
1 135
0 920
1 913
1 419
1 347
1 258
0 438
1 691
1 124
0 749
0 540
1 133
1 951
1 400
1 36
0 415
0 369
1 647
0 305
0 140
1 68
0 838
1 784
1 800
0 189
1 678
1 563
1 418
0 396
0 778
0 527
1 717
0 303
1 48
0 113
0 407
1 223
1 424
0 916
0 961
0 38
0 541
0 428
0 735
0 460
0 171
0 578
0 334
0 355
0 564
1 655
0 948
0 252
1 738
1 463
1 467
0 235
0 96
0 188
0 834
1 245
0 140
1 993
0 211
0 593
0 151
0 723
0 633
1 412
0 165
0 737
0 58
0 817
0 895
0 950
0 190
0 762
1 597
0 119
0 53
1 717
0 81
0 800
0 407
0 877
0 775
1 195
0 111
0 507
0 33
1 403
0 247
0 894
0 578
1 560
0 699
0 481
0 802
0 38
1 729
1 654
1 211
1 392
0 841
0 644
0 622
0 124
0 572
0 334
1 505
1 570
0 537
0 599
0 213
1 532
1 147
1 883
0 317
0 932
0 74
0 295
0 364
0 902
0 190
0 639
0 862
0 175
0 139
0 301
1 93
1 322
1 915
1 325
1 626
1 785
1 664
1 581
0 408
0 75
0 472
0 329
1 365
0 73
1 692
1 224
0 304
0 501
0 95
0 235
1 803
0 585
0 614
1 564
0 822
0 658
1 199
1 386
1 583
0 512
0 675
0 102
1 576
1 703
0 278
0 51
1 223
0 626
0 824
1 222
1 761
1 923
1 199
0 885
0 727
1 599
0 927
0 962
0 65
1 834
1 951
1 844
0 37
1 497
1 266
0 862
1 305
1 850
1 659
0 610
0 838
0 844
0 820
0 62
0 478
0 298
0 105
0 762
1 127
0 626
0 46
0 186
1 954
1 303
0 776
0 584
0 206
1 74
1 170
0 603
0 646
1 302
1 764
1 578
1 57
0 616
0 833
0 46
1 123
0 509
1 179
1 822
0 820
1 842
0 275
0 617
1 918
0 866
0 843
0 921
0 378
0 109
1 643
0 774
0 755
0 577
1 892
1 415
1 97
0 63
0 993
0 719
1 487
1 241
1 254
1 871
1 259
0 526
1 826
0 597
0 919
1 571
1 525
0 836
0 657
0 68
1 280
1 147
0 610
0 226
1 224
1 853
1 492
1 751
0 212
0 904
1 485
1 173
0 702
1 451
1 72
0 144
0 851
0 539
0 262
0 260
1 924
1 190
1 903
1 442
1 876
0 27
0 252
0 314
0 695
1 423
1 703
0 701
0 868
1 23
0 257
0 278
1 323
0 44
1 498
0 354
1 384
1 985
1 34
0 867
1 796
1 717
0 999
0 990
0 162
1 79
0 713
0 511
0 75
0 789
0 96
1 133
0 556
0 440
0 382
1 187
1 887
0 606
0 643
1 793
1 242
0 500
0 187
0 293
0 211
0 683
1 263
1 674
0 815
0 818
0 36
1 215
0 822
0 282
0 455
0 895
0 444
1 799
1 192
0 300
0 164
0 810
1 300
0 593
0 599
0 515
0 108
0 851
0 271
0 689
1 923
1 889
0 573
0 374
0 67
0 951
0 968
0 437
1 198
0 900
0 650
604 744 248 0
211 227 1055 0
1412 1440 440 1
514 583 731 0
1225 1384 944 0
1208 1273 48 1
362 444 692 0
418 530 334 0
782 979 1047 0
473 663 184 0
148 168 1075 1
884 905 817 1
652 842 224 0
1245 1264 703 0
285 350 322 1
715 929 743 0
792 847 1071 0
1314 1319 936 1
769 827 1075 0
1148 1162 542 0
608 689 1010 0
586 716 546 1
432 479 96 1
690 854 270 0
1365 1440 36 1
566 670 768 0
512 674 295 0
1384 1440 254 0
1129 1235 78 0
106 236 786 0
784 977 1053 0
397 465 604 1
520 665 36 1
462 674 364 0
648 798 289 0
59 108 941 0
721 888 98 0
64 191 891 1
723 729 719 1
889 898 111 1
75 119 423 0
114 253 833 0
87 113 1077 0
231 335 291 1
183 223 540 0
337 531 847 0
61 181 434 1
643 699 618 1
841 852 243 1
35 195 565 0
1121 1259 770 1
599 727 304 0
654 769 527 0
581 599 793 1
158 232 442 0
940 1130 580 1
689 856 36 0
1295 1422 34 0
646 711 92 0
886 1021 66 1
1249 1363 378 0
110 291 1032 1
114 175 692 0
1032 1100 805 0
188 286 1042 0
1058 1147 509 0
1173 1359 266 0
117 145 370 0
247 336 486 1
1387 1440 1002 0
1260 1275 26 1
22 228 100 1
1208 1289 104 0
1137 1323 53 1
485 587 135 0
1261 1383 493 0
421 491 959 0
783 905 198 0
1331 1382 394 1
935 1144 268 1
104 126 1008 0
1120 1297 736 1
571 736 614 0
346 471 97 0
354 555 743 0
11 131 389 0
1426 1440 807 0
615 666 489 0
116 303 551 0
637 702 34 0
1037 1171 530 0
280 406 41 0
1325 1440 262 1
306 467 549 0
291 303 659 1
632 819 478 0
420 543 581 0
1188 1329 991 0
1240 1337 124 0
198 403 736 1
1137 1243 272 1
445 558 640 1
57 100 664 1
903 1107 561 0
699 847 814 0
603 753 1052 0
183 357 605 0
881 1077 668 0
402 461 650 0
1048 1085 113 0
33 72 551 1
454 654 437 1
693 732 641 0
812 903 327 1
715 835 26 0
622 681 1083 0
914 1097 147 0
1185 1276 647 0
814 964 96 1
1133 1269 756 0
208 277 523 0
376 505 818 0
152 232 743 0
971 1036 469 0
1022 1129 896 0
1244 1286 493 0
871 894 271 1
789 803 1094 0
1209 1416 284 0
348 470 1047 1
850 1010 550 1
573 681 821 0
1147 1180 577 0
859 903 278 0
1383 1423 1051 0
323 477 530 0
962 1096 571 0
343 364 1095 0
1331 1440 469 0
866 1037 1019 0
1090 1239 1090 0
117 161 1034 1
640 801 324 1
1262 1369 910 0
431 567 800 1
80 216 751 0
1383 1440 985 0
694 854 425 0
493 698 575 0
890 1059 793 0
972 1129 240 0
144 149 412 1
155 372 676 1
868 991 538 0
1279 1416 891 1
352 569 136 0
1005 1103 390 0
1344 1440 1049 0
533 545 602 1
1311 1329 139 0
1009 1158 573 0
469 506 485 0
1351 1440 1032 0
754 803 803 1
332 542 598 1
182 379 358 0
678 877 659 0
73 129 170 0
1126 1295 941 0
66 245 184 0
61 274 673 0
556 593 110 0
740 931 847 0
587 606 541 1
646 723 230 0
1232 1335 721 1
1251 1293 372 0
803 849 600 0
245 394 663 0
986 1095 651 1
30 204 145 1
1334 1397 703 0
224 391 486 0
1365 1433 224 1
133 246 631 0
764 805 454 1
229 253 299 0
1321 1425 964 0
675 846 551 0
997 1157 329 1
823 994 867 1
39 144 1075 0
560 626 583 0
537 601 666 1
86 235 912 1
761 810 455 0
1323 1423 238 1
828 931 50 1
1217 1240 138 0
718 793 1067 0
647 752 177 0
1430 1440 55 0
1088 1195 1057 0
19 120 193 0
731 820 340 1
1423 1440 447 0
578 784 743 1
600 806 755 0
209 240 489 1
1173 1209 302 1
547 664 1033 0
1366 1440 896 1
321 331 338 1
1329 1343 1063 0
977 1026 746 0
1177 1380 308 1
159 318 715 0
491 631 675 0
418 547 1059 1
949 1147 1011 0
288 409 296 0
1118 1287 1069 0
95 133 655 0
488 641 1098 0
250 427 248 0
205 344 53 0
251 454 870 0
335 371 761 0
659 850 110 0
263 306 473 0
714 910 239 0
1397 1405 789 0
80 135 455 0
567 786 477 1
764 879 297 0
1340 1405 122 1
371 484 841 0
291 405 449 0
938 1004 351 0
403 534 452 0
1173 1236 908 1
1305 1363 406 1
803 860 156 0
655 773 212 1
214 383 726 0
1195 1235 926 0
681 693 1008 1
707 845 834 0
1198 1276 818 0
959 1084 562 0
1053 1167 171 1
1013 1045 636 1
455 647 237 1
1369 1440 47 1
927 1114 325 1
71 127 721 0
925 1122 27 0
1108 1280 552 0
1141 1225 919 1
1022 1050 367 0
1166 1175 55 0
307 353 962 1
362 498 268 0
757 796 209 0
60 269 460 0
297 335 379 0
261 448 1017 1
387 601 924 0
570 586 803 1
550 741 619 1
580 695 382 0
743 877 854 1
765 907 221 0
6 127 919 0
1163 1226 1057 0
1357 1440 725 0
219 332 485 0
434 453 404 0
759 849 854 1
1222 1349 61 0
1091 1124 1081 1
951 1126 802 1
480 500 40 1
1188 1214 597 0
239 442 481 1
831 916 422 1
862 1064 870 1
14 122 1025 0
446 462 475 0
796 970 1045 1
1049 1132 240 0
394 416 697 0
1253 1281 467 0
621 770 545 1
950 1071 963 0
525 701 311 1
1360 1391 856 1
1420 1440 683 0
1125 1230 253 0
1400 1440 25 0
465 607 773 0
360 482 147 1
12 129 201 1
1359 1410 405 0
1317 1360 900 0
193 201 754 0
1118 1241 860 1
1306 1319 828 1
1013 1059 183 0
336 477 936 1
1011 1035 228 0
515 726 318 0
1229 1290 83 0
27 85 584 0
855 972 947 1
874 1039 671 0
1232 1432 1074 1
685 730 603 0
430 464 622 0
1164 1179 429 1
1252 1440 456 0
418 554 828 1
914 1028 477 0
266 287 413 0
1308 1383 73 0
54 164 229 1
812 977 806 0
1329 1344 1042 0
875 1028 523 0
444 621 576 0
87 236 820 1
1056 1188 426 1
1271 1322 871 0
1407 1440 476 0
232 339 665 1
654 736 838 0
576 735 761 0
780 917 21 0
890 954 660 0
1206 1255 922 0
1149 1167 32 1
261 326 1063 0
405 622 874 0
331 375 205 1
1098 1283 210 1
99 176 743 0
1004 1177 638 0
330 435 494 1
960 1097 783 0
756 820 724 0
1311 1440 172 0
211 233 615 0
982 1083 554 0
763 859 854 0
796 930 726 0
1348 1440 823 0
823 938 697 1
614 710 169 0
179 337 697 0
164 206 155 0
988 1013 706 0
1040 1196 74 0
1208 1356 83 1
675 756 28 0
882 934 66 0
15 43 759 1
176 229 318 0
38 226 614 0
931 1097 477 0
111 261 529 0
114 230 606 0
345 369 148 1
831 952 518 1
117 196 841 0
59 230 1002 0
960 1142 342 0
852 1010 209 0
392 400 625 0
170 233 855 0
94 135 115 0
1163 1175 768 0
458 585 278 0
951 1002 100 1
1201 1231 466 0
1143 1293 319 0
1191 1248 487 0
938 1054 880 1
1000 1205 454 0
683 698 574 0
784 833 853 0
1144 1191 1017 0
63 205 459 0
203 296 1062 1
301 343 1098 1
1145 1290 1035 0
1326 1407 609 1
710 866 904 0
625 780 822 0
286 396 921 1
437 640 877 1
1031 1237 741 0
1155 1295 593 0
1308 1440 721 1
754 948 401 0
682 875 571 1
1202 1374 695 1
173 296 679 0
525 641 476 0
882 984 802 1
756 905 93 0
635 663 1090 1
513 570 1057 1
368 448 448 0
1221 1395 646 0
97 203 385 0
1132 1326 100 0
335 397 270 0
7 120 547 1
135 234 378 1
1133 1246 174 0
1361 1440 754 0
480 510 130 1
679 761 204 0
972 1027 825 0
579 599 711 0
339 352 392 0
675 680 302 1
658 861 215 0
900 981 834 1
737 769 482 0
992 1062 445 1
578 586 183 1
1066 1285 902 0
1011 1105 294 0
446 462 720 0
296 510 362 0
1125 1224 952 0
10 79 514 0
900 944 739 0
841 879 407 1
653 804 272 0
536 728 560 1
946 1010 318 1
155 271 88 0
96 266 181 0
852 871 894 1
623 674 990 0
625 691 310 0
151 310 579 1
729 933 319 0
362 393 539 1
971 1112 259 0
1064 1182 357 0
687 765 177 0
1145 1206 28 1
395 452 453 1
1395 1440 392 0
322 509 228 0
595 752 388 0
390 544 512 1
1194 1250 785 0
67 157 411 1
1244 1300 549 0
468 496 593 0
1127 1144 721 0
1032 1216 634 0
5 20 30 0
1099 1150 624 0
523 725 255 0
284 336 783 0
554 616 882 0
107 149 279 1
69 77 778 0
884 1073 1015 0
1000 1184 38 1
1293 1440 933 1
1110 1117 162 0
846 1046 359 0
812 863 73 1
1209 1221 369 1
1207 1422 33 0
99 274 769 0
446 453 941 0
367 393 115 0
1352 1440 581 1
400 469 648 1
482 507 707 0
183 253 829 0
636 803 1090 1
920 1041 630 0
119 275 75 0
847 867 998 0
128 238 802 0
290 364 402 1
830 998 480 1
457 632 260 1
139 259 980 1
674 755 183 0
840 882 666 0
1030 1046 445 0
986 1112 506 0
173 270 206 0
1277 1440 390 1
720 796 197 0
1072 1259 185 1
1147 1276 78 1
404 574 858 0
648 653 88 0
247 319 560 1
189 282 406 1
1158 1325 907 0
1272 1433 654 1
1054 1141 431 0
1340 1440 339 0
1054 1068 605 1
1144 1291 842 0
871 922 799 0
1426 1440 634 1
1107 1279 602 0
791 1010 650 1
1082 1196 1023 1
1330 1440 718 0
1204 1285 857 0
1 101 531 1
725 737 379 1
324 503 179 0
507 599 40 0
999 1079 349 0
687 876 808 0
1127 1136 1078 1
592 678 322 0
1176 1209 350 0
704 814 855 0
18 30 598 1
88 165 401 0
853 970 942 0
936 952 724 0
207 379 675 1
1285 1404 679 0
985 1152 61 1
669 815 135 1
225 286 364 0
1268 1303 171 0
1374 1440 540 0
835 858 325 0
153 165 613 0
101 293 513 1
421 463 309 0
710 737 1031 1
1036 1087 582 1
1240 1419 1025 0
716 831 957 0
1121 1214 836 1
356 483 438 0
491 508 648 0
655 809 900 0
1371 1440 513 0
526 604 340 0
660 733 441 0
1109 1163 347 0
33 65 193 1
1413 1440 817 0
555 655 292 0
87 187 504 1
934 951 304 0
363 400 764 0
731 806 509 1
1315 1440 398 0
990 1104 1034 0
1333 1349 870 1
312 386 938 0
103 186 677 1
882 1026 624 0
737 875 914 0
90 215 90 1
224 313 284 0
838 1050 907 0
863 934 50 0
1143 1252 863 0
838 960 1037 0
821 934 154 0
1176 1378 621 0
1101 1167 952 0
1239 1268 578 0
826 1008 536 0
565 740 481 0
64 138 864 0
540 733 749 0
780 843 556 1
994 1019 895 1
1339 1371 1032 0
1377 1440 482 1
805 829 1086 0
1421 1440 236 1
1021 1115 333 0
879 1054 783 1
447 561 560 0
711 900 376 0
1334 1440 926 0
998 1190 741 0
58 69 951 1
200 373 15 0
288 503 235 0
605 808 1052 1
1121 1265 808 0
1396 1440 944 1
1216 1412 615 1
1075 1231 1005 0
209 308 465 1
129 196 1060 1
976 1184 51 0
1313 1440 354 1
675 881 96 1
706 867 70 0
936 1086 516 0
526 611 833 1
1066 1099 588 1
1335 1440 256 0
882 919 334 1
47 183 324 0
850 908 484 0
35 139 52 0
1004 1198 1023 0
394 455 657 1
557 562 950 1
1049 1244 16 0
894 1027 610 0
912 1030 86 0
51 96 444 0
1068 1093 716 0
353 493 339 0
203 384 580 0
775 900 1078 1
789 1002 658 0
72 100 131 0
1015 1034 734 0
970 1072 270 0
109 201 712 0
50 164 1070 0
1294 1360 246 0
76 87 633 0
84 109 39 0
1019 1096 689 1
171 288 1008 0
1228 1238 256 0
368 415 713 1
1029 1129 142 1
1277 1404 800 0
302 514 1040 0
931 1116 462 0
791 861 577 1
1098 1265 658 0
776 912 419 1
1206 1249 459 0
379 432 616 1
694 909 198 0
205 287 217 0
341 350 349 0
478 582 524 0
1311 1417 751 1
1386 1440 418 1
218 339 433 0
880 1005 256 1
1022 1041 898 0
776 938 625 0
1249 1282 1059 1
812 941 317 1
1392 1440 679 0
826 836 462 0
965 996 1028 0
455 559 938 0
505 628 919 1
576 678 908 1
1174 1271 393 0
1148 1239 15 0
83 139 964 1
594 724 410 1
966 1123 94 0
473 536 876 0
1401 1412 137 0
836 1010 575 0
731 844 392 0
794 898 45 1
1203 1269 840 0
480 620 110 0
494 632 168 0
1127 1150 78 0
480 540 50 0
832 937 754 1
945 1067 711 1
1036 1234 946 1
101 198 947 0
719 904 964 0
394 600 176 0
34 59 599 0
1055 1162 422 0
1074 1126 149 0
236 322 219 0
485 533 339 0
283 500 134 0
1096 1171 47 0
748 845 970 0
387 424 229 0
543 695 196 1
976 1001 473 0
1181 1400 457 0
1128 1262 252 0
941 992 1072 0
885 959 283 0
437 501 422 0
23 123 622 0
283 451 242 0
761 938 465 0
760 821 336 1
953 991 437 0
1107 1179 311 0
67 226 431 0
73 243 390 0
121 283 772 0
106 281 361 0
255 435 1015 0
719 736 902 0
1086 1227 409 1
1252 1412 473 1
336 411 31 1
1290 1440 274 1
1245 1310 45 1
388 454 551 0
1312 1424 748 0
1085 1214 671 0
574 720 1007 0
881 1091 359 0
678 767 283 0
1120 1207 646 0
855 976 855 0
198 412 1072 0
1261 1278 445 0
1348 1440 131 1
629 671 146 0
1148 1203 901 1
384 389 626 0
276 412 619 1
1388 1440 450 0
298 380 295 0
1281 1364 19 0
139 321 229 0
430 515 65 1
1068 1280 104 0
379 399 737 0
1 9 238 0
391 430 23 0
700 895 625 0
1178 1216 23 1
454 671 874 0
869 1067 778 1
15 24 176 0
27 94 866 0
20 239 1098 1
428 543 1039 1
18 89 968 1
1116 1283 238 1
251 455 930 0
355 507 335 0
367 383 69 0
1041 1090 763 0
485 547 782 0
1332 1346 974 0
75 157 532 0
250 410 334 0
1174 1370 949 0
1011 1116 205 1
714 889 18 0
229 431 530 0
625 839 943 1
1018 1231 193 1
14 176 1100 0
837 918 840 0
666 804 737 1
717 737 457 0
1190 1398 505 1
856 1062 407 1
1302 1328 725 1
80 185 788 0
1175 1180 873 0
413 626 30 0
490 532 67 0
867 974 942 1
1271 1334 940 1
523 605 324 0
1374 1440 690 0
374 491 957 1
568 725 496 1
801 815 186 0
980 1142 684 0
967 1090 553 0
1175 1323 1000 0
879 979 16 1
771 916 397 1
875 1023 130 0
358 470 890 0
758 789 262 1
1040 1046 482 1
769 774 854 1
902 978 1083 1
880 885 75 0
506 618 527 0
1254 1400 406 0
569 607 967 0
233 353 790 0
630 664 486 0
113 258 465 0
1044 1100 550 0
1020 1072 519 0
1072 1090 682 0
272 404 779 0
289 490 647 1
1269 1438 196 0
1143 1291 513 0
572 738 872 0
605 652 187 0
1384 1440 556 0
17 220 578 1
406 620 693 0
91 195 698 0
843 937 615 0
489 694 776 0
360 513 145 0
306 316 226 0
685 830 279 0
15 227 382 1
601 741 420 1
921 982 1085 0
121 155 553 1
648 831 307 0
121 183 289 0
107 273 130 1
1043 1197 257 0
692 743 884 0
772 791 365 1
451 629 226 0
725 746 361 0
763 794 511 1
1225 1378 336 0
478 598 591 0
1341 1440 437 0
1407 1440 889 0
105 286 452 0
108 285 244 1
1047 1170 713 0
1264 1397 90 1
162 380 325 0
1159 1233 100 0
876 910 141 0
325 465 42 0
680 893 436 0
686 791 300 1
207 266 550 1
1083 1118 19 0
1034 1085 826 1
80 111 420 0
287 297 271 0
856 1017 410 0
559 620 227 0
937 1151 519 0
604 627 759 0
479 591 1023 1
720 863 956 0
19 135 594 0
241 285 273 0
1348 1419 50 0
1251 1266 560 1
1051 1134 821 0
1270 1433 244 0
770 988 546 0
1344 1398 474 1
63 78 901 1
1203 1363 963 0
1321 1440 782 0
257 411 382 0
1208 1305 857 0
1023 1045 975 0
977 1113 210 0
1072 1220 1007 0
989 1075 931 1
583 692 1091 1
707 760 963 0
1356 1440 849 1
1255 1361 463 1
1233 1399 519 0
1148 1342 380 1
1205 1228 789 0
1265 1440 193 0
1048 1071 386 1
1251 1383 1053 0
1357 1440 557 0
780 863 1044 1
1381 1440 805 1
392 429 980 0
455 608 926 1
202 374 706 1
1379 1440 34 0
599 627 1088 0
292 456 315 0
186 232 922 0
344 550 26 0
583 788 44 0
1014 1191 903 0
650 780 870 1
450 551 417 0
1403 1440 573 1
145 169 420 0
1318 1440 938 0
19 25 335 0
156 375 126 0
903 1062 366 0
1248 1397 353 0
241 421 1020 0
204 320 1053 1
513 711 786 1
1076 1241 225 1
123 184 119 1
582 725 1068 0
1146 1273 58 1
1024 1045 320 1
1064 1266 913 0
357 425 908 0
1018 1110 239 1
296 315 974 0
1138 1180 85 0
75 215 828 0
405 591 650 0
816 997 770 0
876 1068 249 0
1161 1279 488 1
391 456 779 0
996 1151 474 0
1316 1423 390 0
1010 1109 613 0
796 896 1058 0
44 128 74 1
562 679 919 1
805 859 434 0
190 408 637 0
491 499 616 0
820 989 500 0
781 788 954 0
431 460 819 0
1307 1440 928 0
1363 1388 46 0
1005 1013 985 0
618 673 500 0
766 952 384 0
1425 1440 515 0
1063 1142 484 1
384 407 162 1
1235 1440 421 0
465 602 219 0
1371 1440 618 1
1109 1282 125 0
417 446 1053 1
437 529 23 0
305 432 756 0
906 1053 236 0
823 829 977 1
72 161 147 1
397 577 809 1
31 187 357 1
724 800 380 1
1365 1440 646 0
1075 1153 930 0
670 699 722 0
429 519 57 0
611 789 810 1
220 358 431 0
199 404 165 0
385 442 844 1
588 769 1061 0
1032 1099 193 1
551 661 421 0
446 616 486 0
449 564 566 0
25 144 504 0
851 859 106 0
378 500 764 0
935 980 1066 0
349 362 83 1
808 994 753 0
1342 1440 725 0
272 306 867 0
1104 1197 454 0
1057 1075 30 0
556 715 325 0
803 872 531 1
424 612 23 1
1005 1066 564 0
410 601 665 0
1091 1160 329 0
576 654 979 1
362 541 991 0
117 222 477 1
1252 1440 1004 0
1238 1256 563 1
519 643 762 0
819 900 505 1
495 586 925 1
943 964 637 1
180 325 402 1
1238 1381 126 1
546 576 315 0
830 985 940 0
705 864 886 1
850 1067 475 0
565 632 300 0
310 434 439 0
1175 1184 643 0
1150 1366 640 1
1417 1440 676 0
19 56 159 0
624 654 1022 1
268 328 577 0
709 727 103 1
775 821 1067 0
1103 1249 504 0
844 988 870 0
57 229 151 1
1283 1440 760 0
388 454 714 0
672 850 483 1
1258 1324 48 0
163 280 585 1
388 534 927 0
464 603 418 1
118 131 874 0
921 1117 749 0
717 741 958 0
793 805 860 0
1395 1424 24 0
1249 1412 510 0
64 82 212 0
1126 1159 31 0
875 906 536 0
1341 1363 671 1
748 909 423 1
1186 1236 1081 1
252 450 843 0
687 802 1025 1
11 70 832 0
767 845 737 1
783 917 77 0
905 955 113 0
1298 1317 881 0
178 197 932 0
1263 1395 655 0
1047 1261 488 1
464 627 946 0
238 399 475 0
605 823 670 0
1090 1185 545 0
909 968 68 1
137 149 468 0
1243 1264 863 0
525 723 529 0
770 976 525 0
575 679 661 0
339 440 566 0
274 479 160 0
305 483 789 0
553 636 331 1
426 498 313 0
488 529 614 0
386 499 324 0
559 689 844 0
589 614 904 0
862 1077 315 0
781 957 637 1
867 963 157 0
531 665 135 0
978 1031 350 1
1296 1411 1006 1
1368 1440 1019 0
1065 1204 897 1
1349 1380 220 1
242 289 227 0
963 1175 405 0
1161 1325 602 1
285 491 649 0
941 1060 594 0
841 967 45 1
820 1015 1094 0
511 691 851 1
1136 1203 906 0
148 300 508 1
770 866 79 0
1394 1440 332 1
848 951 336 0
562 622 335 1
358 490 1028 0
289 428 208 0
221 360 515 0
985 1138 1074 0
1310 1346 104 0
770 858 1062 0
605 755 625 0
417 616 571 1
440 656 614 0
419 577 1005 0
70 278 975 1
1147 1275 408 1
211 294 983 1
684 718 350 0
891 947 38 1
1216 1380 266 0
1160 1254 1055 0
1327 1440 625 0
1168 1354 863 0
816 861 329 0
696 715 21 0
637 643 993 0
76 183 1090 0
430 632 396 0
569 697 810 0
623 806 594 0
1298 1418 294 1
403 490 974 0
132 253 105 1
734 799 399 1
32 154 891 1
499 602 323 1
409 476 923 1
441 576 965 1
1396 1440 553 0
1153 1367 662 1
136 285 457 0
633 810 19 1
514 521 804 0
639 787 159 1
1223 1279 392 0
433 456 815 0
700 755 192 0
233 396 846 1
331 342 107 0
302 331 85 0
646 653 800 0
1180 1304 988 0
1415 1440 516 0
272 441 580 1
1085 1168 219 0
576 727 800 1
636 845 800 1
611 635 898 1
43 178 917 1
593 641 409 0
1084 1275 110 0
382 555 131 0
442 527 817 0
79 217 850 0
1385 1440 665 1
503 534 410 0
721 916 113 1
1070 1216 924 0
174 253 15 1
1221 1376 509 0
770 791 727 0
1224 1317 270 0
647 776 230 0
1046 1176 838 0
496 691 460 0
1143 1352 841 0
688 718 334 0
1166 1294 238 0
1351 1440 82 1
373 518 945 0
72 255 362 0
1318 1440 315 0
322 414 347 0
1428 1440 980 1
104 165 842 0
695 901 464 1
1407 1440 1005 0
56 203 666 0
773 851 756 1
1283 1402 269 1
186 337 379 0
639 858 826 0
712 753 923 0
1195 1285 971 1
438 570 478 1
1428 1440 440 0
700 832 264 0
284 327 152 1
62 124 965 1
316 444 1084 0
65 245 687 1
686 726 244 0
855 933 212 0
1317 1327 956 0
431 539 1031 0
464 506 201 0
586 782 1036 1
461 474 465 1
459 580 907 0
739 951 638 0
59 86 326 0
1242 1380 39 1
958 1063 398 0
97 126 98 1
444 564 924 0
998 1067 172 0
1368 1440 663 1
266 387 1037 0
95 178 372 1
273 471 687 0
1009 1148 454 0
180 352 467 1
670 690 525 0
756 883 181 0
190 275 191 1
417 543 484 1
209 271 220 0
905 913 246 0
648 815 469 0
98 215 346 0
197 396 1016 0
1280 1419 274 1
804 930 190 1
631 684 138 0
1302 1370 972 1
1382 1436 717 1
1314 1406 374 1
1092 1250 938 0
1120 1300 964 1
908 934 771 0
1057 1167 857 0
1334 1440 553 1
412 439 276 1
436 597 222 0
1422 1440 104 1
1326 1349 509 0
253 444 759 0
1037 1188 905 0
547 692 1013 0
40 255 347 0
363 451 1077 1
782 941 82 1
604 628 504 0
1306 1331 389 0
1091 1249 37 0
828 1029 567 0
992 1117 796 0
1195 1253 24 1
558 587 494 0
859 1043 217 1
633 664 296 0
137 310 79 0
758 887 920 0
1115 1174 46 0
660 874 895 0
338 348 231 1
158 321 878 0
614 636 1044 1
241 378 300 0
524 612 419 0
933 1074 746 0
967 977 947 0
160 241 49 0
1379 1440 529 0
484 655 553 1
935 1084 418 0
826 921 115 1
469 676 595 0
555 623 718 0
1330 1430 767 0
439 535 766 0
100 317 1056 0
1314 1380 443 0
709 900 738 0
230 415 74 0
695 738 112 0
317 412 1064 0
183 203 398 1
241 350 253 0
333 509 512 0
416 470 15 0
835 976 1050 0
458 573 460 0
946 1145 317 1
394 472 211 1
129 197 162 1
520 663 291 0
166 325 256 1
1017 1072 804 0
1420 1440 372 0
232 329 489 0
202 316 317 0
270 430 666 0
919 1029 987 1
16 23 375 0
317 348 234 1
294 348 266 0
1328 1373 70 0
1104 1254 947 1
1358 1440 992 1
1225 1404 464 0
581 667 793 0
6 60 990 1
58 238 498 0
702 864 890 0
611 620 603 1
1125 1149 359 1
1081 1218 116 1
325 370 736 1
525 699 310 0
834 922 565 0
1426 1440 495 0
17 174 571 0
91 224 591 0
222 390 602 0
387 589 625 0
400 504 323 1
575 725 374 1
926 932 1041 1
773 812 455 1
169 182 623 0
83 128 180 0
124 259 40 1
632 738 225 0
642 698 154 1
552 657 69 1
94 165 693 0
387 399 1009 0
918 1030 351 0
576 713 881 0
1339 1440 319 1
254 341 815 1
1157 1375 225 0
736 826 515 0
546 616 840 0
485 702 715 0
1075 1261 713 0
1304 1314 691 0
516 729 665 0
664 699 556 0
694 706 757 0
1079 1203 793 0
654 736 242 1
694 863 91 0
748 806 498 0
219 308 40 0
1302 1435 208 0
128 345 955 0
443 494 381 0
1362 1440 409 0
968 983 891 0
823 901 83 0
245 454 459 0
441 498 87 0
725 816 836 0
1100 1135 678 0
844 973 641 0
1213 1253 371 1
1384 1405 922 0
797 884 810 0
24 243 433 1
1288 1357 323 1
1113 1191 208 1
1379 1440 796 1
903 909 18 0
1095 1304 347 1
1393 1440 202 1
549 562 483 1
443 524 681 1
1371 1440 1089 0
371 529 386 0
1146 1253 93 1
322 445 138 1
216 258 252 0
1170 1188 153 0
1320 1440 733 1
129 145 833 0
676 711 723 0
552 716 745 0
582 649 120 1
1206 1287 634 0
970 1068 677 0
1221 1394 1048 1
858 1041 1070 1
1340 1369 1092 0
55 156 18 0
434 519 27 0
661 701 815 0
1149 1350 1032 0
851 1035 17 1
1252 1361 573 0
1337 1440 551 1
407 474 1054 0
1065 1147 1059 0
703 821 93 0
364 382 373 0
380 533 909 1
1347 1354 173 0
1068 1116 134 0
816 941 257 0
271 446 434 0
698 725 599 1
819 904 263 1
883 1081 532 0
1174 1294 727 1
897 931 361 1
949 1115 697 0
1223 1318 682 0
949 1056 358 0
1300 1421 530 0
179 334 194 1
814 843 121 0
115 298 167 0
1044 1210 102 0
75 267 446 0
276 370 1082 0
666 800 620 0
751 810 328 0
543 642 482 0
246 332 1038 1
1008 1210 670 1
559 639 675 1
1405 1440 963 0
912 995 1089 0
733 768 379 0
101 295 936 0
829 903 838 0
34 220 192 0
1411 1440 1076 1
227 419 672 0
414 624 314 0
371 520 842 1
1004 1219 287 0
63 84 593 0
442 530 1070 0
878 950 621 1
71 277 378 0
706 887 183 0
1041 1125 943 1
380 460 654 0
1060 1172 63 1
1119 1256 391 1
108 167 940 0
552 594 408 1
226 300 194 0
162 177 136 0
1203 1358 688 0
993 1073 217 1
1216 1352 823 0
267 442 692 0
562 740 1015 0
479 682 899 1
1254 1327 1027 0
619 701 88 0
179 288 284 0
46 81 867 0
292 325 802 0
1161 1187 685 1
12 181 265 1
971 1163 514 0
576 633 287 0
1403 1414 153 0
1282 1304 492 0
148 336 291 0
302 496 725 0
538 728 379 0
1208 1324 613 1
1300 1428 225 0
1235 1430 840 0
94 272 314 0
1197 1303 1047 0
694 794 916 0
767 841 656 1
1240 1290 674 1
1301 1440 825 0
241 300 900 0
1303 1440 958 1
1134 1188 1017 0
163 316 231 1
869 951 1010 0
949 1146 1018 0
779 848 738 1
942 1061 768 0
1420 1440 1060 1
435 599 647 0
1387 1422 961 0
1117 1306 367 0
307 366 740 0
995 1038 828 0
1277 1440 414 1
609 756 789 0
80 262 980 0
1273 1411 1036 0
219 380 536 0
991 1124 126 0
690 824 487 0
820 966 381 0
440 575 362 0
207 408 1055 0
127 267 744 0
315 428 981 1
1121 1138 430 1
513 710 876 0
963 1059 763 0
1411 1440 731 1
1320 1430 41 0
686 812 800 0
746 882 635 0
884 1021 966 0
144 333 338 1
792 804 254 0
193 359 190 1
1299 1366 710 0
507 516 187 0
1022 1128 87 0
1375 1440 962 1
826 859 94 0
984 1016 525 0
681 807 254 0
686 701 740 1
954 1065 219 0
1043 1262 874 1
1217 1366 350 0
175 247 845 0
1116 1213 858 1
345 414 157 0
822 1028 55 0
894 950 680 0
268 335 1041 1
215 383 1027 0
827 925 272 1
1292 1362 592 0
351 489 485 0
528 693 294 1
1377 1440 524 1
1428 1440 884 0
355 438 103 0
1103 1319 223 1
1089 1115 600 0
1318 1440 246 0
21 200 812 0
768 966 607 0
712 832 231 0
986 1073 109 0
1358 1440 890 0
62 160 1037 1
678 692 910 0
255 467 263 1
858 1026 317 0
689 905 834 1
391 575 240 0
587 751 601 0
213 392 1067 1
219 318 179 1
161 201 236 0
462 540 451 1
1166 1259 851 0
1113 1135 1076 0
517 625 253 0
3 133 460 0
1064 1141 334 0
1048 1238 522 0
730 752 494 1
900 1026 379 0
166 213 500 0
599 802 1019 0
1088 1096 513 1
238 454 141 0
861 992 413 0
1274 1288 558 0
10 125 357 0
1037 1256 903 0
1136 1309 916 1
799 893 1073 0
1272 1374 542 1
1116 1208 542 1
19 237 726 1
580 792 271 0
1254 1292 1013 1
776 838 331 0
1066 1229 722 0
370 453 308 1
1028 1046 572 0
475 511 1064 1
1289 1440 1092 1
1056 1062 981 0
627 774 1079 0
964 1088 677 0
1365 1397 957 0
619 633 692 0
499 509 219 0
680 884 833 0
477 510 33 0
1209 1378 916 0
1032 1038 494 1
33 45 941 1
613 723 169 0
345 409 323 0
1403 1440 971 1
12 70 309 0
573 713 192 0
627 679 1006 0
1271 1394 822 1
585 787 713 1
353 503 210 0
736 866 431 0
269 463 154 0
274 320 952 1
605 811 831 1
462 579 931 1
62 143 239 0
803 967 443 0
1157 1255 256 0
863 958 765 1
522 537 912 0
1051 1264 615 1
1279 1302 229 0
59 222 670 0
551 663 628 1
651 788 198 0
1043 1091 509 0
204 312 501 1
514 582 145 0
361 573 1021 0
1378 1391 315 1
802 894 1075 1
163 340 546 0
466 599 170 0
1009 1121 649 0
382 494 311 1
841 1057 202 1
1182 1337 168 0
550 710 994 0
693 764 400 0
695 741 37 1
223 430 729 0
575 733 451 0
28 128 400 0
510 572 1013 0
35 248 689 1
1114 1191 26 1
778 982 215 0
1059 1138 337 0
912 1048 504 0
876 1060 231 1
923 1078 1033 1
56 73 678 1
1161 1179 849 0
1290 1440 659 0
344 413 770 1
12 143 267 0
992 1209 1039 0
859 958 919 0
138 239 98 0
1268 1357 1049 0
166 279 229 0
1196 1389 605 0
1404 1440 730 0
79 160 746 0
674 697 596 0
798 921 897 0
416 564 228 0
670 703 500 0
1340 1440 307 0
1084 1216 669 0
991 1041 710 1
337 452 181 0
45 209 126 0
1253 1308 392 1
1026 1085 588 0
472 580 93 0
922 966 1054 0
378 489 203 0
850 971 765 1
380 438 502 0
600 679 1074 0
1168 1298 976 0
637 769 510 1
1095 1265 519 0
286 416 24 0
1397 1440 100 0
338 477 465 1
233 344 570 0
1126 1339 775 0
884 1059 157 0
901 1040 927 0
553 607 1079 0
1015 1185 332 0
1364 1440 1078 0
1130 1155 968 1
1161 1305 1088 0
115 309 222 0
364 418 163 0
1288 1361 740 0
740 879 1076 1
936 1116 1090 1
1228 1369 1061 0
853 917 534 0
664 709 548 0
182 324 138 0
819 898 933 0
1147 1349 164 0
98 290 399 0
1422 1440 1033 1
385 441 1032 0
520 673 284 0
1426 1440 637 0
158 308 566 1
249 407 757 0
108 131 61 0
66 193 506 0
1002 1092 70 1
133 347 1074 0
734 745 31 0
978 1109 690 0
1248 1412 928 0
915 1065 641 0
1046 1200 1086 1
154 310 433 1
846 863 543 0
1294 1390 338 0
588 718 279 1
256 304 881 0
905 1016 259 1
262 481 812 0
960 971 312 1
1147 1320 946 0
200 215 452 0
274 449 517 1
1308 1412 726 0
429 632 438 1
406 412 342 0
954 993 394 0
1112 1322 64 0
1090 1254 164 0
1289 1321 776 0
1306 1440 63 0
137 169 272 0
578 649 911 0
240 419 441 0
1417 1440 38 0
82 222 1035 1
384 402 978 1
1018 1035 944 0
600 739 516 0
911 1033 323 0
515 590 993 0
446 550 455 1
154 369 1088 0
1156 1289 701 0
1148 1356 558 0
1408 1440 135 1
181 385 542 0
484 555 443 1
493 513 519 0
706 746 164 0
905 932 591 1
1218 1366 302 0
1240 1390 531 0
420 450 1034 0
428 597 1040 1
954 1087 71 1
627 818 57 1
517 608 431 0
1160 1334 739 0
590 714 62 0
205 224 837 1
358 410 518 0
1048 1198 62 1
1040 1233 274 0
329 340 726 0
341 470 741 0
652 811 690 0
1419 1440 1040 0
1060 1272 900 0
125 152 233 0
321 426 755 1
1236 1306 1022 1
246 341 876 0
550 646 554 0
706 851 887 1
569 785 148 0
336 499 161 0
1277 1440 921 1
946 1011 347 0
797 913 618 1
896 968 257 1
999 1077 355 0
809 924 615 1
613 754 804 1
894 994 373 1
1237 1440 951 1
161 279 648 0
914 1019 804 0
824 962 853 0
634 772 991 0
960 993 412 0
803 876 839 1
800 991 146 0
269 487 419 0
255 435 165 0
215 403 1015 0
194 340 1061 0
351 357 335 1
370 532 212 1
1251 1291 314 0
671 699 559 0
1364 1440 440 0
153 362 492 1
929 955 406 1
1228 1365 811 1
850 883 650 1
876 948 931 1
1079 1221 1002 1
679 858 40 1
1079 1144 493 1
1402 1439 699 0
717 824 536 0
688 810 208 0
1424 1440 521 0
699 792 284 0
595 713 452 0
471 521 412 0
834 943 655 0
177 342 550 0
848 1012 175 0
1183 1270 467 0
1249 1258 930 0
1127 1309 580 0
1301 1440 1081 0
619 651 755 1
1158 1214 420 0
929 1072 375 0
1016 1121 734 1
670 782 954 0
1143 1206 721 0
213 246 1084 0
59 166 767 0
1251 1398 974 0
610 758 70 0
259 277 813 1
306 318 528 1
121 320 488 1
206 293 929 0
465 546 677 1
168 182 699 0
733 915 49 0
94 148 943 0
1116 1313 909 0
1192 1315 385 0
70 254 836 0
295 442 125 1
791 823 1023 1
1343 1405 580 1
6 112 881 0
815 976 209 1
191 219 916 0
228 257 523 1
347 408 273 1
1114 1232 508 1
951 1088 866 1
20 29 158 1
531 700 645 1
1136 1151 699 1
1290 1301 273 1
565 748 587 0
990 1174 569 0
1307 1366 1055 1
681 825 753 0
474 526 599 0
1204 1228 537 1
1268 1440 54 0
472 676 651 0
816 999 172 0
85 178 563 0
1392 1440 1068 1
1182 1248 336 0
529 657 629 0
97 111 477 1
1026 1149 601 0
1058 1236 543 0
914 1107 879 0
671 771 313 0
448 486 125 0
911 945 151 0
296 410 732 0
342 373 255 0
1404 1440 208 0
1342 1380 291 0
1301 1353 525 0
1321 1440 638 0
428 556 761 0
1135 1304 302 0
639 792 283 0
849 1012 630 0
54 101 629 1
329 407 832 0
143 189 500 0
614 768 964 1
1340 1440 78 0
745 916 123 1
953 1009 219 0
1086 1159 71 1
799 837 340 0
853 970 26 1
1246 1420 105 1
1392 1440 754 1
607 785 363 0
233 276 173 0
1257 1352 408 1
1410 1440 57 0
1177 1207 786 0
1030 1155 414 1
428 474 76 1
890 986 204 1
576 587 923 0
517 641 504 1
802 972 558 0
276 318 316 0
329 353 522 1
537 598 295 0
592 751 871 0
658 767 599 0
487 650 53 0
1295 1440 235 0
1101 1275 588 1
1351 1440 669 0
1425 1440 98 0
805 831 494 0
98 223 868 0
208 250 716 0
1305 1367 723 1
759 775 839 0
1184 1358 732 0
685 862 141 1
1338 1404 437 0
1277 1291 861 0
798 820 236 0
317 367 599 0
59 153 944 1
92 245 369 1
30 221 566 1
383 421 991 1
764 920 426 0
1202 1353 870 0
406 552 849 0
787 793 326 0
36 161 545 0
1035 1149 316 1
1060 1088 1000 1
1382 1440 735 1
1226 1379 140 0
144 261 409 0
414 471 84 1
974 1159 674 0
417 536 153 1
745 941 621 0
1302 1440 139 0
588 778 612 0
582 653 619 0
1410 1440 1020 1
1420 1439 843 0
701 725 487 0
349 414 517 0
468 556 459 1
714 844 276 1
273 444 666 0
71 111 947 1
290 312 551 0
1354 1440 468 0
1056 1153 578 1
373 471 357 0
453 644 670 0
405 528 226 1
424 560 150 0
612 820 558 1
453 574 18 0
1372 1440 1023 0
827 1040 717 1
1044 1243 972 0
1169 1264 389 1
351 511 319 0
1228 1398 298 1
1395 1440 264 1
1364 1378 536 1
1109 1256 997 0
1421 1440 219 0
938 989 833 1
58 186 367 1
231 446 549 0
511 647 585 0
319 525 93 0
338 545 882 0
504 549 996 0
280 476 1074 0
661 728 665 0
275 428 295 0
21 100 991 0
682 799 396 1
1235 1311 232 0
66 109 78 1
841 995 41 1
1223 1272 665 0
390 458 404 1
969 1070 487 1
42 260 290 0
166 319 986 1
425 499 651 1
1110 1155 187 1
761 828 197 0
594 673 981 0
358 469 852 1
338 401 758 0
827 926 578 0
354 421 393 0
484 497 529 0
1098 1148 522 1
1097 1106 387 1
1129 1219 587 0
1040 1205 36 0
632 840 434 1
1034 1044 966 1
623 795 1075 0
1125 1204 530 0
978 1117 878 0
1310 1440 990 0
602 743 474 0
1183 1292 666 0
1129 1195 335 1
985 1036 249 0
193 289 433 0
195 273 820 1
871 910 98 1
734 853 232 0
1186 1381 551 0
1111 1216 1091 0
1059 1154 616 0
806 968 654 0
478 526 861 0
1018 1135 902 0
167 311 332 1
942 1067 776 0
651 867 1045 0
15 98 108 1
864 921 786 1
378 463 1048 0
1035 1106 259 0
94 210 803 0
1378 1440 909 0
1015 1025 155 0
1379 1440 666 0
878 990 345 0
963 1173 741 0
356 568 1055 1
279 472 909 1
160 202 86 1
694 728 756 1
719 749 34 1
174 199 25 0
1372 1440 302 1
366 440 281 0
1124 1342 598 0
482 625 608 0
1109 1317 255 1
1233 1440 669 0
419 435 215 1
595 665 663 0
1279 1345 762 0
379 576 653 0
293 499 989 0
272 382 1077 0
143 220 900 1
505 716 255 0
266 380 247 1
471 558 289 0
1194 1324 329 0
1380 1440 510 0
817 933 595 1
385 560 90 0
1290 1440 97 0
1067 1237 977 0
182 212 27 0
565 740 838 0
326 376 921 0
1340 1416 797 1
1217 1280 863 0
988 1011 525 0
229 402 576 0
437 474 749 0
1072 1238 499 0
1157 1228 951 0
1386 1440 653 1
75 234 924 1
839 964 1017 1
831 984 277 1
1374 1423 188 0
483 555 503 0
1088 1228 964 1
182 187 592 1
410 593 961 0
894 972 102 1
439 504 507 1
272 356 495 0
193 268 1015 0
411 541 856 0
902 1043 240 0
501 693 779 0
44 113 1072 1
898 1065 914 0
968 974 566 0
901 985 439 0
767 849 653 0
1099 1210 244 0
655 781 110 0
632 665 607 0
840 945 1014 0
1356 1440 1030 0
570 659 609 0
1222 1298 412 0
1133 1267 120 0
190 318 926 0
514 666 793 1
74 149 335 0
1170 1197 153 0
206 369 921 0
1063 1196 445 1
1142 1218 633 0
297 504 830 1
1350 1440 1031 0
1184 1256 786 1
314 532 701 0
32 237 859 0
1253 1440 237 0
724 933 166 1
719 743 1042 1
1394 1426 435 0
13 87 342 1
264 341 1074 0
58 214 23 0
245 343 509 1
1295 1378 441 1
1151 1290 767 0
1359 1440 892 1
341 505 909 0
769 823 72 1
1271 1367 781 0
364 370 315 1
488 527 739 0
50 202 545 0
404 551 248 0
216 224 29 1
1273 1279 940 0
1322 1430 112 0
12 169 991 1
1206 1211 975 1
1048 1265 1082 0
105 209 954 1
700 863 181 0
1397 1440 601 0
968 1107 927 0
185 392 238 0
1241 1278 533 0
1137 1173 1020 0
115 276 383 1
93 139 262 0
503 585 975 0
1194 1325 745 1
404 580 107 0
1356 1371 684 0
1154 1207 1003 0
1074 1132 1004 1
1421 1440 267 0
1080 1088 183 0
40 188 1047 1
1064 1283 88 0
387 395 1002 0
639 777 1060 1
296 483 251 1
163 313 616 0
419 517 470 1
37 136 614 0
711 741 367 0
1295 1440 123 0
466 594 899 0
715 905 495 0
1345 1387 688 0
858 888 975 0
105 289 1007 0
266 319 416 0
152 207 648 1
811 980 128 0
415 509 852 0
196 263 347 1
56 178 1063 0
6 28 198 0
1332 1421 589 1
1427 1440 799 0
363 451 196 0
